[BEGIN]
CM Piano Tiles 2 Latest by arun483 👻👻

For Version: 1.2.0.888
Build : 10200888 (and future updates also probably)
Patch 1 Details
All levels unlocked.
Unlimited Lives.
                                         ««Instructions»»

1. Download and Install Piano Tiles from PlayStore.
2. Run app once and close it.
3. Patch the application.
4. All done.

[OTHER FILES]
{"name":"/shared_prefs/Cocos2dxPrefsFile.xml"}
{"original":"3c 69 6e 74 20 6e 61 6d 65 3d 22 43 75 72 48 50 22"}
{"insert":"3c 69 6e 74 20 6e 61 6d 65 3d 22 43 75 72 48 50 22 20 76 61 6c 75 65 3d 22 31 30 31 33 34 34 37 34 32 34 22 20 2f 3e"}

{"original":"3c 73 74 72 69 6e 67 20 6e 61 6d 65 3d 22 4c 65 76 65 6c 52 65 63 6f 72 64 22 3e 31 40 31 30 30 30 30 31 40"}
{"insert":"3c 73 74 72 69 6e 67 20 6e 61 6d 65 3d 22 4c 65 76 65 6c 52 65 63 6f 72 64 22 3e 31 40 31 30 30 30 30 31 40 30 40 30 40 30 40 34 40 2a 32 40 31 30 30 30 30 32 40 30 40 30 40 30 40 34 40 2a 33 40 31 30 30 30 30 33 40 30 40 30 40 30 40 34 40 2a 34 40 31 30 30 30 30 34 40 30 40 30 40 30 40 34 40 2a 35 40 31 30 30 30 30 35 40 30 40 30 40 30 40 34 40 2a 36 40 31 30 30 30 30 36 40 30 40 30 40 30 40 34 40 2a 37 40 31 30 30 30 30 37 40 30 40 30 40 30 40 34 40 2a 38 40 31 30 30 30 30 38 40 30 40 30 40 30 40 34 40 2a 39 40 31 30 30 30 30 39 40 30 40 30 40 30 40 34 40 2a 31 30 40 31 30 30 30 31 30 40 30 40 30 40 30 40 34 40 2a 31 31 40 31 30 30 30 31 31 40 30 40 30 40 30 40 34 40 2a 31 32 40 31 30 30 30 31 32 40 30 40 30 40 30 40 34 40 2a 31 33 40 31 30 30 30 31 33 40 30 40 30 40 30 40 34 40 2a 31 34 40 31 30 30 30 31 34 40 30 40 30 40 30 40 34 40 2a 31 35 40 31 30 30 30 31 35 40 30 40 30 40 30 40 34 40 2a 31 36 40 31 30 30 30 31 36 40 30 40 30 40 30 40 34 40 2a 31 37 40 31 30 30 30 31 37 40 30 40 30 40 30 40 34 40 2a 31 38 40 31 30 30 30 31 38 40 30 40 30 40 30 40 34 40 2a 31 39 40 31 30 30 30 31 39 40 30 40 30 40 30 40 34 40 2a 32 30 40 31 30 30 30 32 30 40 30 40 30 40 30 40 34 40 2a 32 31 40 31 30 30 30 32 31 40 30 40 30 40 30 40 34 40 2a 32 32 40 31 30 30 30 32 32 40 30 40 30 40 30 40 34 40 2a 32 33 40 31 30 30 30 32 33 40 30 40 30 40 30 40 34 40 2a 32 34 40 31 30 30 30 32 34 40 30 40 30 40 30 40 34 40 2a 32 35 40 31 30 30 30 32 35 40 30 40 30 40 30 40 34 40 2a 32 36 40 31 30 30 30 32 36 40 30 40 30 40 30 40 34 40 2a 32 37 40 31 30 30 30 32 37 40 30 40 30 40 30 40 34 40 2a 32 38 40 31 30 30 30 32 38 40 30 40 30 40 30 40 34 40 2a 32 39 40 31 30 30 30 32 39 40 30 40 30 40 30 40 34 40 2a 33 30 40 31 30 30 30 33 30 40 30 40 30 40 30 40 34 40 2a 33 31 40 31 30 30 30 33 31 40 30 40 30 40 30 40 34 40 2a 33 32 40 31 30 30 30 33 32 40 30 40 30 40 30 40 34 40 2a 33 33 40 31 30 30 30 33 33 40 30 40 30 40 30 40 34 40 2a 33 34 40 31 30 30 30 33 34 40 30 40 30 40 30 40 34 40 2a 33 35 40 31 30 30 30 33 35 40 30 40 30 40 30 40 34 40 2a 33 36 40 31 30 30 30 33 36 40 30 40 30 40 30 40 34 40 2a 33 37 40 31 30 30 30 33 37 40 30 40 30 40 30 40 34 40 2a 33 38 40 31 30 30 30 33 38 40 30 40 30 40 30 40 34 40 2a 33 39 40 31 30 30 30 33 39 40 30 40 30 40 30 40 34 40 2a 34 30 40 31 30 30 30 34 30 40 30 40 30 40 30 40 34 40 2a 34 31 40 31 30 30 30 34 31 40 30 40 30 40 30 40 34 40 2a 34 32 40 31 30 30 30 34 32 40 30 40 30 40 30 40 34 40 2a 34 33 40 31 30 30 30 34 33 40 30 40 30 40 30 40 34 40 2a 34 34 40 31 30 30 30 34 34 40 30 40 30 40 30 40 34 40 2a 34 35 40 31 30 30 30 34 35 40 30 40 30 40 30 40 34 40 2a 34 36 40 31 30 30 30 34 36 40 30 40 30 40 30 40 34 40 2a 34 37 40 31 30 30 30 34 37 40 30 40 30 40 30 40 34 40 2a 34 38 40 31 30 30 30 34 38 40 30 40 30 40 30 40 34 40 2a 34 39 40 31 30 30 30 34 39 40 30 40 30 40 30 40 34 40 2a 35 30 40 31 30 30 30 35 30 40 30 40 30 40 30 40 34 40 2a 35 31 40 31 30 30 30 35 31 40 30 40 30 40 30 40 34 40 2a 35 32 40 31 30 30 30 35 32 40 30 40 30 40 30 40 34 40 2a 38 35 39 40 31 30 30 30 35 33 40 30 40 30 40 30 40 34 40 2a 38 36 30 40 31 30 30 30 35 34 40 30 40 30 40 30 40 34 40 2a 38 36 31 40 31 30 30 30 35 35 40 30 40 30 40 30 40 34 40 2a 38 36 32 40 31 30 30 30 35 36 40 30 40 30 40 30 40 34 40 2a 35 33 40 31 30 30 30 35 37 40 30 40 30 40 30 40 34 40 2a 35 34 40 31 30 30 30 35 38 40 30 40 30 40 30 40 34 40 2a 35 35 40 31 30 30 30 35 39 40 30 40 30 40 30 40 34 40 2a 35 36 40 31 30 30 30 36 30 40 30 40 30 40 30 40 34 40 2a 35 37 40 31 30 30 30 36 31 40 30 40 30 40 30 40 34 40 2a 35 38 40 31 30 30 30 36 32 40 30 40 30 40 30 40 34 40 2a 35 39 40 31 30 30 30 36 33 40 30 40 30 40 30 40 34 40 2a 36 30 40 31 30 30 30 36 34 40 30 40 30 40 30 40 34 40 2a 36 31 40 31 30 30 30 36 35 40 30 40 30 40 30 40 34 40 2a 36 32 40 31 30 30 30 36 36 40 30 40 30 40 30 40 34 40 2a 36 33 40 31 30 30 30 36 37 40 30 40 30 40 30 40 34 40 2a 36 34 40 31 30 30 30 36 38 40 30 40 30 40 30 40 34 40 2a 36 35 40 31 30 30 30 36 39 40 30 40 30 40 30 40 34 40 2a 36 36 40 31 30 30 30 37 30 40 30 40 30 40 30 40 34 40 2a 36 37 40 31 30 30 30 37 31 40 30 40 30 40 30 40 34 40 2a 38 30 32 40 31 30 30 30 37 32 40 30 40 30 40 30 40 34 40 2a 38 30 33 40 31 30 30 30 37 33 40 30 40 30 40 30 40 34 40 2a 38 30 34 40 31 30 30 30 37 34 40 30 40 30 40 30 40 34 40 2a 38 31 35 40 31 30 30 30 37 35 40 30 40 30 40 30 40 34 40 2a 38 32 31 40 31 30 30 30 37 36 40 30 40 30 40 30 40 34 40 2a 38 31 36 40 31 30 30 30 37 37 40 30 40 30 40 30 40 34 40 2a 38 32 32 40 31 30 30 30 37 38 40 30 40 30 40 30 40 34 40 2a 38 32 33 40 31 30 30 30 37 39 40 30 40 30 40 30 40 34 40 2a 36 38 40 31 30 30 30 38 30 40 30 40 30 40 30 40 34 40 2a 36 39 40 31 30 30 30 38 31 40 30 40 30 40 30 40 34 40 2a 37 30 40 31 30 30 30 38 32 40 30 40 30 40 30 40 34 40 2a 38 30 37 40 31 30 30 30 38 33 40 30 40 30 40 30 40 34 40 2a 38 30 31 40 31 30 30 30 38 34 40 30 40 30 40 30 40 34 40 2a 37 32 40 31 30 30 30 38 35 40 30 40 30 40 30 40 34 40 2a 38 30 35 40 31 30 30 30 38 36 40 30 40 30 40 30 40 34 40 2a 38 30 36 40 31 30 30 30 38 37 40 30 40 30 40 30 40 34 40 2a 38 30 39 40 31 30 30 30 38 38 40 30 40 30 40 30 40 34 40 2a 37 31 40 31 30 30 30 38 39 40 30 40 30 40 30 40 34 40 2a 37 33 40 31 30 30 30 39 30 40 30 40 30 40 30 40 34 40 2a 38 31 33 40 31 30 30 30 39 31 40 30 40 30 40 30 40 34 40 2a 38 32 30 40 31 30 30 30 39 32 40 30 40 30 40 30 40 34 40 2a 38 31 34 40 31 30 30 30 39 33 40 30 40 30 40 30 40 34 40 2a 38 31 37 40 31 30 30 30 39 34 40 30 40 30 40 30 40 34 40 2a 38 31 39 40 31 30 30 30 39 35 40 30 40 30 40 30 40 34 40 2a 37 39 39 40 31 30 30 30 39 36 40 30 40 30 40 30 40 34 40 2a 38 31 32 40 31 30 30 30 39 37 40 30 40 30 40 30 40 34 40 2a 38 30 30 40 31 30 30 30 39 38 40 30 40 30 40 30 40 34 40 2a 38 31 30 40 31 30 30 30 39 39 40 30 40 30 40 30 40 34 40 2a 38 31 38 40 31 30 30 31 30 30 40 30 40 30 40 30 40 34 40 2a 38 30 38 40 31 30 30 31 30 31 40 30 40 30 40 30 40 34 40 2a 38 31 31 40 31 30 30 31 30 32 40 30 40 30 40 30 40 34 40 2a 37 34 40 31 30 30 31 30 33 40 30 40 30 40 30 40 34 40 2a 37 35 40 31 30 30 31 30 34 40 30 40 30 40 30 40 34 40 2a 37 36 40 31 30 30 31 30 35 40 30 40 30 40 30 40 34 40 2a 38 32 34 40 31 30 30 31 30 37 40 30 40 30 40 30 40 34 40 2a 38 32 35 40 31 30 30 31 30 38 40 30 40 30 40 30 40 34 40 2a 38 32 36 40 31 30 30 31 30 39 40 30 40 30 40 30 40 34 40 2a 38 32 37 40 31 30 30 31 31 30 40 30 40 30 40 30 40 34 40 2a 38 32 38 40 31 30 30 31 31 31 40 30 40 30 40 30 40 34 40 2a 37 37 40 31 30 30 31 31 32 40 30 40 30 40 30 40 34 40 2a 37 38 40 31 30 30 31 31 33 40 30 40 30 40 30 40 34 40 2a 37 39 40 31 30 30 31 31 34 40 30 40 30 40 30 40 34 40 2a 38 32 39 40 31 30 30 31 31 35 40 30 40 30 40 30 40 34 40 2a 38 33 34 40 31 30 30 31 31 36 40 30 40 30 40 30 40 34 40 2a 38 33 30 40 31 30 30 31 31 37 40 30 40 30 40 30 40 34 40 2a 38 33 33 40 31 30 30 31 31 38 40 30 40 30 40 30 40 34 40 2a 38 33 32 40 31 30 30 31 31 39 40 30 40 30 40 30 40 34 40 2a 38 33 31 40 31 30 30 31 32 30 40 30 40 30 40 30 40 34 40 2a 38 31 40 31 30 30 31 32 31 40 30 40 30 40 30 40 34 40 2a 38 32 40 31 30 30 31 32 32 40 30 40 30 40 30 40 34 40 2a 38 33 35 40 31 30 30 31 32 33 40 30 40 30 40 30 40 34 40 2a 38 33 36 40 31 30 30 31 32 34 40 30 40 30 40 30 40 34 40 2a 38 33 37 40 31 30 30 31 32 35 40 30 40 30 40 30 40 34 40 2a 38 33 38 40 31 30 30 31 32 36 40 30 40 30 40 30 40 34 40 2a 38 33 39 40 31 30 30 31 32 37 40 30 40 30 40 30 40 34 40 2a 38 34 30 40 31 30 30 31 32 38 40 30 40 30 40 30 40 34 40 2a 38 30 40 31 30 30 31 32 39 40 30 40 30 40 30 40 34 40 2a 38 33 40 31 30 30 31 33 30 40 30 40 30 40 30 40 34 40 2a 38 34 40 31 30 30 31 33 31 40 30 40 30 40 30 40 34 40 2a 38 35 40 31 30 30 31 33 32 40 30 40 30 40 30 40 34 40 2a 38 34 37 40 31 30 30 31 33 33 40 30 40 30 40 30 40 34 40 2a 38 35 30 40 31 30 30 31 33 34 40 30 40 30 40 30 40 34 40 2a 38 35 32 40 31 30 30 31 33 35 40 30 40 30 40 30 40 34 40 2a 38 34 39 40 31 30 30 31 33 36 40 30 40 30 40 30 40 34 40 2a 38 34 38 40 31 30 30 31 33 37 40 30 40 30 40 30 40 34 40 2a 38 35 31 40 31 30 30 31 33 38 40 30 40 30 40 30 40 34 40 2a 38 34 31 40 31 30 30 31 33 39 40 30 40 30 40 30 40 34 40 2a 38 34 32 40 31 30 30 31 34 30 40 30 40 30 40 30 40 34 40 2a 38 34 33 40 31 30 30 31 34 31 40 30 40 30 40 30 40 34 40 2a 38 34 34 40 31 30 30 31 34 32 40 30 40 30 40 30 40 34 40 2a 38 34 35 40 31 30 30 31 34 33 40 30 40 30 40 30 40 34 40 2a 38 34 36 40 31 30 30 31 34 34 40 30 40 30 40 30 40 34 40 2a 38 36 40 31 30 30 31 34 35 40 30 40 30 40 30 40 34 40 2a 38 37 40 31 30 30 31 34 36 40 30 40 30 40 30 40 34 40 2a 38 38 40 31 30 30 31 34 37 40 30 40 30 40 30 40 34 40 2a 38 39 40 31 30 30 31 34 38 40 30 40 30 40 30 40 34 40 2a 39 30 40 31 30 30 31 34 39 40 30 40 30 40 30 40 34 40 2a 39 31 40 31 30 30 31 35 30 40 30 40 30 40 30 40 34 40 2a 38 35 33 40 31 30 30 31 35 31 40 30 40 30 40 30 40 34 40 2a 38 35 34 40 31 30 30 31 35 32 40 30 40 30 40 30 40 34 40 2a 38 35 35 40 31 30 30 31 35 33 40 30 40 30 40 30 40 34 40 2a 38 35 36 40 31 30 30 31 35 34 40 30 40 30 40 30 40 34 40 2a 38 35 37 40 31 30 30 31 35 35 40 30 40 30 40 30 40 34 40 2a 38 35 38 40 31 30 30 31 35 36 40 30 40 30 40 30 40 34 40 2a 39 32 40 31 30 30 31 35 37 40 30 40 30 40 30 40 34 40 2a 39 33 40 31 30 30 31 35 38 40 30 40 30 40 30 40 34 40 2a 39 34 40 31 30 30 31 35 39 40 30 40 30 40 30 40 34 40 2a 37 39 34 40 31 30 30 31 36 30 40 31 31 38 34 40 36 40 30 40 34 40 2a 37 39 33 40 31 30 30 31 36 31 40 30 40 30 40 30 40 34 40 2a 37 39 35 40 31 30 30 31 36 32 40 30 40 30 40 30 40 34 40 2a 37 39 36 40 31 30 30 31 36 33 40 30 40 30 40 30 40 34 40 2a 37 39 37 40 31 30 30 31 36 34 40 30 40 30 40 30 40 34 40 2a 37 39 38 40 31 30 30 31 36 35 40 30 40 30 40 30 40 34 40 2a 39 35 40 31 30 30 31 36 36 40 30 40 30 40 30 40 34 40 2a 39 36 40 31 30 30 31 36 37 40 30 40 30 40 30 40 34 40 2a 39 37 40 31 30 30 31 36 38 40 30 40 30 40 30 40 34 40 2a 37 38 37 40 31 30 30 31 36 39 40 30 40 30 40 30 40 34 40 2a 37 38 38 40 31 30 30 31 37 30 40 30 40 30 40 30 40 34 40 2a 37 38 39 40 31 30 30 31 37 31 40 30 40 30 40 30 40 34 40 2a 37 39 30 40 31 30 30 31 37 32 40 30 40 30 40 30 40 34 40 2a 37 39 31 40 31 30 30 31 37 33 40 30 40 30 40 30 40 34 40 2a 37 39 32 40 31 30 30 31 37 34 40 30 40 30 40 30 40 34 40 2a 37 38 31 40 31 30 30 31 37 35 40 30 40 30 40 30 40 34 40 2a 37 38 32 40 31 30 30 31 37 36 40 30 40 30 40 30 40 34 40 2a 37 38 33 40 31 30 30 31 37 37 40 30 40 30 40 30 40 34 40 2a 39 38 40 31 30 30 31 37 38 40 30 40 30 40 30 40 34 40 2a 39 39 40 31 30 30 31 37 39 40 30 40 30 40 30 40 34 40 2a 31 30 30 40 31 30 30 31 38 30 40 30 40 30 40 30 40 34 40 2a 37 38 35 40 31 30 30 31 38 31 40 30 40 30 40 30 40 34 40 2a 37 38 36 40 31 30 30 31 38 32 40 30 40 30 40 30 40 34 40 2a 37 38 34 40 31 30 30 31 38 33 40 30 40 30 40 30 40 34 40 2a 31 30 31 40 31 30 30 31 38 34 40 30 40 30 40 30 40 34 40 2a 31 30 32 40 31 30 30 31 38 35 40 30 40 30 40 30 40 34 40 2a 31 30 33 40 31 30 30 31 38 36 40 30 40 30 40 30 40 34 40 2a 37 34 33 40 31 30 30 31 38 37 40 30 40 30 40 30 40 34 40 2a 37 34 34 40 31 30 30 31 38 38 40 30 40 30 40 30 40 34 40 2a 37 34 35 40 31 30 30 31 38 39 40 30 40 30 40 30 40 34 40 2a 37 34 36 40 31 30 30 31 39 30 40 30 40 30 40 30 40 34 40 2a 37 34 37 40 31 30 30 31 39 31 40 30 40 30 40 30 40 34 40 2a 37 34 38 40 31 30 30 31 39 32 40 30 40 30 40 30 40 34 40 2a 37 34 39 40 31 30 30 31 39 33 40 30 40 30 40 30 40 34 40 2a 37 35 30 40 31 30 30 31 39 34 40 30 40 30 40 30 40 34 40 2a 37 37 35 40 31 30 30 31 39 35 40 30 40 30 40 30 40 34 40 2a 37 37 36 40 31 30 30 31 39 36 40 30 40 30 40 30 40 34 40 2a 37 37 37 40 31 30 30 31 39 37 40 30 40 30 40 30 40 34 40 2a 37 37 38 40 31 30 30 31 39 38 40 30 40 30 40 30 40 34 40 2a 37 37 39 40 31 30 30 31 39 39 40 30 40 30 40 30 40 34 40 2a 37 38 30 40 31 30 30 32 30 30 40 30 40 30 40 30 40 34 40 2a 31 30 34 40 31 30 30 32 30 31 40 30 40 30 40 30 40 34 40 2a 31 30 35 40 31 30 30 32 30 32 40 30 40 30 40 30 40 34 40 2a 31 30 36 40 31 30 30 32 30 33 40 30 40 30 40 30 40 34 40 2a 37 36 39 40 31 30 30 32 30 34 40 30 40 30 40 30 40 34 40 2a 37 37 30 40 31 30 30 32 30 35 40 30 40 30 40 30 40 34 40 2a 37 37 31 40 31 30 30 32 30 36 40 30 40 30 40 30 40 34 40 2a 37 37 32 40 31 30 30 32 30 37 40 30 40 30 40 30 40 34 40 2a 37 37 33 40 31 30 30 32 30 38 40 30 40 30 40 30 40 34 40 2a 37 37 34 40 31 30 30 32 30 39 40 30 40 30 40 30 40 34 40 2a 31 30 37 40 31 30 30 32 31 30 40 30 40 30 40 30 40 34 40 2a 31 30 38 40 31 30 30 32 31 31 40 30 40 30 40 30 40 34 40 2a 31 30 39 40 31 30 30 32 31 32 40 30 40 30 40 30 40 34 40 2a 37 36 33 40 31 30 30 32 31 33 40 30 40 30 40 30 40 34 40 2a 37 36 34 40 31 30 30 32 31 34 40 30 40 30 40 30 40 34 40 2a 37 36 35 40 31 30 30 32 31 35 40 30 40 30 40 30 40 34 40 2a 37 36 36 40 31 30 30 32 31 36 40 30 40 30 40 30 40 34 40 2a 37 36 37 40 31 30 30 32 31 37 40 30 40 30 40 30 40 34 40 2a 37 36 38 40 31 30 30 32 31 38 40 30 40 30 40 30 40 34 40 2a 31 31 31 40 31 30 30 32 31 39 40 30 40 30 40 30 40 34 40 2a 31 31 32 40 31 30 30 32 32 30 40 30 40 30 40 30 40 34 40 2a 31 31 30 40 31 30 30 32 32 31 40 30 40 30 40 30 40 34 40 2a 31 31 33 40 31 30 30 32 32 32 40 30 40 30 40 30 40 34 40 2a 31 31 34 40 31 30 30 32 32 33 40 30 40 30 40 30 40 34 40 2a 31 31 35 40 31 30 30 32 32 34 40 30 40 30 40 30 40 34 40 2a 37 35 37 40 31 30 30 32 32 35 40 30 40 30 40 30 40 34 40 2a 37 35 38 40 31 30 30 32 32 36 40 30 40 30 40 30 40 34 40 2a 37 35 39 40 31 30 30 32 32 37 40 30 40 30 40 30 40 34 40 2a 37 36 30 40 31 30 30 32 32 38 40 30 40 30 40 30 40 34 40 2a 37 36 31 40 31 30 30 32 32 39 40 30 40 30 40 30 40 34 40 2a 37 36 32 40 31 30 30 32 33 30 40 30 40 30 40 30 40 34 40 2a 31 31 38 40 31 30 30 32 33 31 40 30 40 30 40 30 40 34 40 2a 31 31 36 40 31 30 30 32 33 32 40 30 40 30 40 30 40 34 40 2a 31 31 37 40 31 30 30 32 33 33 40 30 40 30 40 30 40 34 40 2a 37 35 31 40 31 30 30 32 33 34 40 30 40 30 40 30 40 34 40 2a 37 35 32 40 31 30 30 32 33 35 40 30 40 30 40 30 40 34 40 2a 37 35 33 40 31 30 30 32 33 36 40 30 40 30 40 30 40 34 40 2a 37 35 34 40 31 30 30 32 33 37 40 30 40 30 40 30 40 34 40 2a 37 35 35 40 31 30 30 32 33 38 40 30 40 30 40 30 40 34 40 2a 37 35 36 40 31 30 30 32 33 39 40 30 40 30 40 30 40 34 40 2a 31 31 39 40 31 30 30 32 34 30 40 30 40 30 40 30 40 34 40 2a 31 32 30 40 31 30 30 32 34 31 40 30 40 30 40 30 40 34 40 2a 31 32 31 40 31 30 30 32 34 32 40 30 40 30 40 30 40 34 40 2a 37 33 37 40 31 30 30 32 34 33 40 30 40 30 40 30 40 34 40 2a 37 33 38 40 31 30 30 32 34 34 40 30 40 30 40 30 40 34 40 2a 37 33 39 40 31 30 30 32 34 35 40 30 40 30 40 30 40 34 40 2a 37 34 30 40 31 30 30 32 34 36 40 30 40 30 40 30 40 34 40 2a 37 34 31 40 31 30 30 32 34 37 40 30 40 30 40 30 40 34 40 2a 37 34 32 40 31 30 30 32 34 38 40 30 40 30 40 30 40 34 40 2a 37 32 38 40 31 30 30 32 34 39 40 30 40 30 40 30 40 34 40 2a 37 32 39 40 31 30 30 32 35 30 40 30 40 30 40 30 40 34 40 2a 37 33 30 40 31 30 30 32 35 31 40 30 40 30 40 30 40 34 40 2a 31 32 32 40 31 30 30 32 35 32 40 30 40 30 40 30 40 34 40 2a 31 32 33 40 31 30 30 32 35 33 40 30 40 30 40 30 40 34 40 2a 31 32 34 40 31 30 30 32 35 34 40 30 40 30 40 30 40 34 40 2a 37 33 31 40 31 30 30 32 35 35 40 30 40 30 40 30 40 34 40 2a 37 33 32 40 31 30 30 32 35 36 40 30 40 30 40 30 40 34 40 2a 37 33 33 40 31 30 30 32 35 37 40 30 40 30 40 30 40 34 40 2a 37 33 34 40 31 30 30 32 35 38 40 30 40 30 40 30 40 34 40 2a 37 33 35 40 31 30 30 32 35 39 40 30 40 30 40 30 40 34 40 2a 37 33 36 40 31 30 30 32 36 30 40 30 40 30 40 30 40 34 40 2a 31 32 35 40 31 30 30 32 36 31 40 30 40 30 40 30 40 34 40 2a 31 32 36 40 31 30 30 32 36 32 40 30 40 30 40 30 40 34 40 2a 31 32 37 40 31 30 30 32 36 33 40 30 40 30 40 30 40 34 40 2a 31 32 38 40 31 30 30 32 36 34 40 30 40 30 40 30 40 34 40 2a 31 32 39 40 31 30 30 32 36 35 40 30 40 30 40 30 40 34 40 2a 31 33 30 40 31 30 30 32 36 36 40 30 40 30 40 30 40 34 40 2a 37 31 39 40 31 30 30 32 36 37 40 30 40 30 40 30 40 34 40 2a 37 32 30 40 31 30 30 32 36 38 40 30 40 30 40 30 40 34 40 2a 37 32 31 40 31 30 30 32 36 39 40 30 40 30 40 30 40 34 40 2a 37 32 32 40 31 30 30 32 37 30 40 30 40 30 40 30 40 34 40 2a 37 32 33 40 31 30 30 32 37 31 40 30 40 30 40 30 40 34 40 2a 37 32 34 40 31 30 30 32 37 32 40 30 40 30 40 30 40 34 40 2a 37 32 35 40 31 30 30 32 37 33 40 30 40 30 40 30 40 34 40 2a 37 32 36 40 31 30 30 32 37 34 40 30 40 30 40 30 40 34 40 2a 37 32 37 40 31 30 30 32 37 35 40 30 40 30 40 30 40 34 40 2a 31 33 31 40 31 30 30 32 37 36 40 30 40 30 40 30 40 34 40 2a 31 33 32 40 31 30 30 32 37 37 40 30 40 30 40 30 40 34 40 2a 31 33 33 40 31 30 30 32 37 38 40 30 40 30 40 30 40 34 40 2a 31 33 34 40 31 30 30 32 37 39 40 30 40 30 40 30 40 34 40 2a 31 33 35 40 31 30 30 32 38 30 40 30 40 30 40 30 40 34 40 2a 31 33 36 40 31 30 30 32 38 31 40 30 40 30 40 30 40 34 40 2a 37 31 33 40 31 30 30 32 38 32 40 30 40 30 40 30 40 34 40 2a 37 31 34 40 31 30 30 32 38 33 40 30 40 30 40 30 40 34 40 2a 37 31 35 40 31 30 30 32 38 34 40 30 40 30 40 30 40 34 40 2a 37 31 36 40 31 30 30 32 38 35 40 30 40 30 40 30 40 34 40 2a 37 31 37 40 31 30 30 32 38 36 40 30 40 30 40 30 40 34 40 2a 37 31 38 40 31 30 30 32 38 37 40 30 40 30 40 30 40 34 40 2a 31 33 37 40 31 30 30 32 38 38 40 30 40 30 40 30 40 34 40 2a 31 33 38 40 31 30 30 32 38 39 40 30 40 30 40 30 40 34 40 2a 31 33 39 40 31 30 30 32 39 30 40 30 40 30 40 30 40 34 40 2a 37 30 37 40 31 30 30 32 39 31 40 30 40 30 40 30 40 34 40 2a 37 30 38 40 31 30 30 32 39 32 40 30 40 30 40 30 40 34 40 2a 37 30 39 40 31 30 30 32 39 33 40 30 40 30 40 30 40 34 40 2a 37 31 30 40 31 30 30 32 39 34 40 30 40 30 40 30 40 34 40 2a 37 31 31 40 31 30 30 32 39 35 40 30 40 30 40 30 40 34 40 2a 37 31 32 40 31 30 30 32 39 36 40 30 40 30 40 30 40 34 40 2a 31 34 30 40 31 30 30 32 39 37 40 30 40 30 40 30 40 34 40 2a 31 34 31 40 31 30 30 32 39 38 40 30 40 30 40 30 40 34 40 2a 31 34 32 40 31 30 30 32 39 39 40 30 40 30 40 30 40 34 40 2a 37 30 31 40 31 30 30 33 30 30 40 30 40 30 40 30 40 34 40 2a 37 30 32 40 31 30 30 33 30 31 40 30 40 30 40 30 40 34 40 2a 37 30 33 40 31 30 30 33 30 32 40 30 40 30 40 30 40 34 40 2a 37 30 34 40 31 30 30 33 30 33 40 30 40 30 40 30 40 34 40 2a 37 30 35 40 31 30 30 33 30 34 40 30 40 30 40 30 40 34 40 2a 37 30 36 40 31 30 30 33 30 35 40 30 40 30 40 30 40 34 40 2a 39 30 31 40 32 30 30 30 30 31 40 32 33 33 40 36 40 30 40 34 40 2a 39 30 32 40 32 30 30 30 30 32 40 31 32 34 40 36 40 30 40 34 40 2a 3c 2f 73 74 72 69 6e 67 3e"}

[END]

🎆🎆Application Patched🎆🎆
🎉🎉Congratulations you are a pirate now 🎉🎉

from arun483 (XDA)
PM me if patch is out of date.