[BEGIN]
miniwaplus.com reveals treasure of WhatsApp tweaks,
💎  mini WA+ Patch v4  💎
for official WhatsApp 2.12.559 (451060) with 10 MUST HAVE features

◀Features Overview▶
🔹100% AntiBan
🔹Hide Last Seen (customizable), Blue Ticks, Writing, voice notes playing indicator
🔹Send HD pics without compression (customizable)
🔹Media sharing limit to 30 MB
🔹Send more than 10 images/videos simultaneously
🔹Status limit to 255
🔹Remove details (date,time & name) while copying multiple messages (customizable)
🔹Unblocked Telegram links
🔹Photo/video Caption limit increased to 4000+ characters
🔹Disable proximity sensor while playing voice notes (customizable)

Read  how to customize instructions, changelog, FAQs & download official WhatsApp 2.12.559 apk on

🔗 miniwaplus.com 🔗
[PACKAGE]
[CLASSES]
{"original":"37 B1 ?? 00 13 01 5B 00 6E 20 ?? ?? 13 00 0C 01 54 C6 ?? ?? 53 08 ?? ?? 14 07 11 00 0A 00"}
{"replaced":"32 11 ?? 00 13 01 5B 00 6E 20 ?? ?? 13 00 0C 01 54 C6 ?? ?? 53 08 ?? ?? 14 07 11 00 0A 00"}
{"original":"13 00 50 00 67 00 1A 33"}
{"replaced":"13 00 64 00 67 00 1A 33"}
{"original":"70 10 5F 84 04 00 54 40 E0 36 39 00 2D 00 54 40 D6 36 62 01 D3 36 13 02 0A 00 46 01 01 02"}
{"replaced":"00 00 00 00 0E 00 54 40 E0 36 39 00 2D 00 54 40 D6 36 62 01 D3 36 13 02 0A 00 46 01 01 02"}





{"original":"67 00 1E 33 62 00 2D 33 13 06 2F 00 46 00 00 06 60 06 1E 33 72 30 5F 02 05 06 62 00 2D 33 13 06 2D 00 46 00 00 06 6E 20 42 C3 0A 00 0C 00 1F 00 0F 1B 71 10 71 2F 00 00 0A 06 39 06 17 00 71 10 6C C0 00 00 0A 00 60 06 22 33 32 60 0F 00 67 00 22 33 62 00 2D 33 13 06 29 00 46 00 00 06 60 06 22 33 72 30 5F 02 05 06 62 00 2D 33 13 06 0E 00 46 00 00 06 6E 20 42 C3 0A 00 0C 00 1F 00 0F 1B 71 10 71 2F 00 00 0A 06 39 06 17 00 71 10 6C C0 00 00 0A 00 60 06 23 33 32 60 0F 00 67 00 23 33 62 00 2D 33 13 06 19 00 46 00 00 06 60 06 23 33 72 30 5F 02 05 06 62 00 2D 33 12 56 46 00 00 06 6E 20 42 C3 0A 00 0C 00 1F 00 0F 1B 71 10 71 2F 00 00 0A 06 39 06 1A 00 71 10 6C C0 00 00 0A 00 38 00 A9 02 01 10 63 06 1C 33 32 60 0F 00 6A 00 1C 33 62 00 2D 33 13 06 2A 00 46 00 00 06 63 06 1C 33 72 30 5D 02 05 06 62 00 2D 33 13 06 20 00 46 00 00 06 6E 20 42 C3 0A 00 0C 00 1F 00 0F 1B 71 10 71 2F 00 00 0A 06 39 06 13 00 71 10 6C C0 00 00 0A 00 67 00 29 33 62 00 2D 33 13 06 16 00 46 00 00 06 60 06 29 33 72 30 5F 02 05 06 62 00 2D 33 13 06 23 00 46 00 00 06 6E 20 42 C3 0A 00 0C 00 1F 00 0F 1B 71 10 71 2F 00 00 0A 06 39 06 12 00 71 10 6C C0 00 00 0A 00 67 00 1A 33 62 00 2D 33 12 26 46 00 00 06 60 06 1A 33 72 30 5F 02 05 06 62 00 2D 33 13 06 12 00 46 00 00 06 6E 20 42 C3 0A 00 0C 00 1F 00 0F 1B 71 10 71 2F 00 00 0A 06 39 06 13 00 71 10 6C C0 00 00 0A 00 67 00 28 33"}
{"replaced":"00 00 00 00 62 00 2D 33 13 06 2F 00 46 00 00 06 60 06 1E 33 72 30 5F 02 05 06 62 00 2D 33 13 06 2D 00 46 00 00 06 6E 20 42 C3 0A 00 0C 00 1F 00 0F 1B 71 10 71 2F 00 00 0A 06 39 06 17 00 71 10 6C C0 00 00 0A 00 60 06 22 33 32 60 0F 00 67 00 22 33 62 00 2D 33 13 06 29 00 46 00 00 06 60 06 22 33 72 30 5F 02 05 06 62 00 2D 33 13 06 0E 00 46 00 00 06 6E 20 42 C3 0A 00 0C 00 1F 00 0F 1B 71 10 71 2F 00 00 0A 06 39 06 17 00 71 10 6C C0 00 00 0A 00 60 06 23 33 32 60 0F 00 67 00 23 33 62 00 2D 33 13 06 19 00 46 00 00 06 60 06 23 33 72 30 5F 02 05 06 62 00 2D 33 12 56 46 00 00 06 6E 20 42 C3 0A 00 0C 00 1F 00 0F 1B 71 10 71 2F 00 00 0A 06 39 06 1A 00 71 10 6C C0 00 00 0A 00 38 00 A9 02 01 10 63 06 1C 33 32 60 0F 00 6A 00 1C 33 62 00 2D 33 13 06 2A 00 46 00 00 06 63 06 1C 33 72 30 5D 02 05 06 62 00 2D 33 13 06 20 00 46 00 00 06 6E 20 42 C3 0A 00 0C 00 1F 00 0F 1B 71 10 71 2F 00 00 0A 06 39 06 13 00 71 10 6C C0 00 00 0A 00 67 00 29 33 62 00 2D 33 13 06 16 00 46 00 00 06 60 06 29 33 72 30 5F 02 05 06 62 00 2D 33 13 06 23 00 46 00 00 06 6E 20 42 C3 0A 00 0C 00 1F 00 0F 1B 71 10 71 2F 00 00 0A 06 39 06 12 00 71 10 6C C0 00 00 0A 00 00 00 00 00 62 00 2D 33 12 26 46 00 00 06 60 06 1A 33 72 30 5F 02 05 06 62 00 2D 33 13 06 12 00 46 00 00 06 6E 20 42 C3 0A 00 0C 00 1F 00 0F 1B 71 10 71 2F 00 00 0A 06 39 06 13 00 71 10 6C C0 00 00 0A 00 00 00 00 00"}
{"original":"67 00 1E 33 1B 06 5F 32 00 00 12 40 07 87 28 80 60 00 22 33 72 30 68 02 67 00 0A 00 67 00 22 33 1B 06 94 38 00 00 12 50 07 87 29 00 72 FF 60 00 23 33 72 30 68 02 67 00 0A 00 67 00 23 33 1B 06 09 31 00 00 12 60 07 87 29 00 63 FF 63 00 1C 33 72 30 66 02 67 00 0A 00 6A 00 1C 33 1B 06 49 2A 00 00 12 70 07 87 29 00 54 FF 60 00 29 33 72 30 68 02 67 00 0A 00 67 00 29 33 1B 06 4B 2A 00 00 13 00 08 00 07 87 29 00 44 FF 60 00 1A 33 72 30 68 02 67 00 0A 00 67 00 1A 33 1B 06 4A 2A 00 00 13 00 09 00 07 87 29 00 34 FF 60 00 28 33 72 30 68 02 67 00 0A 00 67 00 28 33"}
{"replaced":"00 00 00 00 1B 06 5F 32 00 00 12 40 07 87 28 80 60 00 22 33 72 30 68 02 67 00 0A 00 67 00 22 33 1B 06 94 38 00 00 12 50 07 87 29 00 72 FF 60 00 23 33 72 30 68 02 67 00 0A 00 67 00 23 33 1B 06 09 31 00 00 12 60 07 87 29 00 63 FF 63 00 1C 33 72 30 66 02 67 00 0A 00 6A 00 1C 33 1B 06 49 2A 00 00 12 70 07 87 29 00 54 FF 60 00 29 33 72 30 68 02 67 00 0A 00 67 00 29 33 1B 06 4B 2A 00 00 13 00 08 00 07 87 29 00 44 FF 60 00 1A 33 72 30 68 02 67 00 0A 00 00 00 00 00 1B 06 4A 2A 00 00 13 00 09 00 07 87 29 00 34 FF 60 00 28 33 72 30 68 02 67 00 0A 00 00 00 00 00"}
{"original":"54 B0 51 39 23 61 7A 1E 22 02 C4 18"}
{"replaced":"13 09 FF 0F 23 61 7A 1E 22 02 C4 18"}
{"original":"37 10 17 00 6E 10 A2 61 0D 00 0C 00 14 01 18 05 08 7F 12 02 71 30 9C 5E 10 02 12 00 5B D0 C0 28"}
{"replaced":"32 11 17 00 6E 10 A2 61 0D 00 0C 00 14 01 18 05 08 7F 12 02 71 30 9C 5E 10 02 12 00 5B D0 C0 28"}
{"original":"12 21 71 20 20 15 10 00 13 00 0F 00 14 01 66 00 08 7F 14 02 82 07 02 7F 70 52 68 62 A9 10 0C 00"}
{"replaced":"12 01 71 20 20 15 10 00 13 00 0F 00 14 01 66 00 08 7F 14 02 82 07 02 7F 70 52 68 62 A9 10 0C 00"}
{"original":"13 00 40 06 67 00 28 33 12 00 6A 00 21 33 12 00"}
{"replaced":"13 00 99 79 67 00 28 33 12 00 6A 00 21 33 12 00"}
{"original":"13 04 00 04 12 18 12 07 63 09 18 44 54 B0 FA 44 6E 10 A8 8F 00 00 0C 00 14 01 A4 00 03 7F 12 02"}
{"replaced":"13 04 FF 0F 12 18 12 07 63 09 18 44 54 B0 FA 44 6E 10 A8 8F 00 00 0C 00 14 01 A4 00 03 7F 12 02"}
{"original":"13 00 10 00 67 00 1E 33 13 00 20 00 67 00 22 33"}
{"replaced":"13 00 1e 00 67 00 1E 33 13 00 20 00 67 00 22 33"}
{"original":"59 71 2C 44 62 01 33 44 13 03 21 00 46 01 01 03 6E 30 17 02 12 06 0A 01 5C 71 3A 44 62 01 33 44"}
{"replaced":"59 73 2C 44 62 01 33 44 13 03 21 00 46 01 01 03 6E 30 17 02 12 06 0A 01 5C 71 3A 44 62 01 33 44"}
{"original":"13 05 8B 00 14 07 42 03 08 7F 07 81 76 08 9D 8E 00 00 28 C7 22 00 3C 00 70 20 3A 01 80 00"}
{"replaced":"13 05 FF 00 14 07 42 03 08 7F 07 81 76 08 9D 8E 00 00 28 C7 22 00 3C 00 70 20 3A 01 80 00"}
{"original":"12 10 12 01 63 03 B3 54 39 07 03 00 0F 00 62 04 B4 55 21 45 01 12 35 52 12 00 46 06 04 02 6E 20 7A C4 76 00 0C 06 6E 10 6D C4 06 00 0A 06 39 06 EF FF D8 02 02 01 38 03 F0 FF 01 10 28 E8"}
{"replaced":"12 00 12 01 63 03 B3 54 39 07 03 00 0F 00 62 04 B4 55 21 45 01 12 35 52 12 00 46 06 04 02 6E 20 7A C4 76 00 0C 06 6E 10 6D C4 06 00 0A 06 39 06 EF FF D8 02 02 01 38 03 F0 FF 01 10 28 E8"}
{"original":"0C 00 1F 00 63 0D 5B D0 50 2E 54 D0 50 2E 6E 20 04 65 A0 00 54 D0 50 2E 23 A1 7A 1E 22 02 C4 18 13 03 00 04 70 20 44 B5 32 00 4D 02 01 0B 6E 20 00 65 10 00 54 D0 50 2E 22 01 15 10 70 20 11 7F D1 00 6E 20 08 65 10 00 54 D1 50 2E 22 02 A4 0F"}
{"replaced":"0C 00 1F 00 63 0D 5B D0 50 2E 54 D0 50 2E 6E 20 04 65 A0 00 54 D0 50 2E 23 A1 7A 1E 22 02 C4 18 13 03 FF 0F 70 20 44 B5 32 00 4D 02 01 0B 6E 20 00 65 10 00 54 D0 50 2E 22 01 15 10 70 20 11 7F D1 00 6E 20 08 65 10 00 54 D1 50 2E 22 02 A4 0F"}
{"original":"12 12 33 21 2D 00 62 01 F5 27 38 01 09 00"}
{"replaced":"12 32 33 21 2D 00 62 01 F5 27 38 01 09 00"}
[END]